95.1704
24.9901
84.5877
52.6046
13.404
96.6672
47.1048
12.7091
68.4924
5.14024
67.0033
71.7603
98.935
34.1194
97.7701
60.7199
51.539
68.3089
76.5178
53.253
54.5968
93.3265
1.22746
26.4653
23.4189
64.337
17.8027
1.31135
56.8533
3.06428
10.4767
1.78421
26.6543
85.6314
10.4544
23.042
56.0526
51.3208
7.13549
30.7451
43.1644
38.3828
10.7302
28.193
51.3767
75.3976
35.9964
85.3432
11.698
53.2025
11.9693
62.1978
84.7314
73.7552
88.4836
68.2219
14.0213
87.4645
98.7694
24.1868
27.9593
77.0975
96.1771
38.1009
54.5138
24.0729
4.60312
23.4412
29.7471
92.9335
57.8381
12.7293
35.0317
76.8192
49.0774
83.7154
78.8032
46.5111
20.0936
50.2723
45.5907
74.9698
0.28823
7.70255
60.6018
78.1341
80.2174
38.8763
71.054
73.0386
80.1854
81.6531
43.616
36.2883
38.2324
93.7771
76.5704
27.33
1.70928
66.1503
28.8649
20.6288
8.26572
98.1866
76.7733
66.8064
90.8264
49.9648
88.8392
67.2722
13.573
13.6654
39.042
27.3884
8.25312
26.7992
48.1385
76.6844
2.94049
79.9452
17.915
64.7959
69.3261
76.454
7.9057
33.5653
90.8826
92.1554
88.3645
14.6914
21.8803
59.5873
74.662
25.3754
97.279
58.8243
44.718
6.30306
85.4027
64.8187
8.26814
19.3163
35.0406
89.4217
32.7588
37.4734
79.6243
29.3104
52.8194
35.1543
0.612752
99.4976
26.4929
56.8538
9.86221
62.4483
57.5152
61.0864
97.6581
4.49419
86.4304
56.2352
76.9283
77.9031
10.2973
67.4486
7.04289
85.2621
6.48528
22.6401
8.38691
99.6294
8.92681
12.2694
60.5502
21.4498
87.4166
37.8798
71.0188
92.8966
99.8046
60.251
95.4713
96.385
13.3841
58.4516
43.6524
52.1423
50.153
32.3091
75.9561
26.0632
46.5853
46.0326
26.255
59.8328
51.5042
0.745062
99.3794
64.605
14.1123
44.8381
78.0252
63.9187
11.4973
80.5375
58.0165
80.2972
57.1271
56.2238
69.9009
13.872
79.4527
73.0287
57.4004
98.9522
64.3858
6.67517
11.6168
64.8699
68.546
28.6304
12.2917
84.486
25.0844
66.6145
62.1629
45.6223
8.75847
32.7295
24.2489
50.8409
48.404
69.2306
68.1953
49.9503
42.2965
51.008
27.6089
72.4876
7.11977
8.06457
76.8321
18.0894
2.4617
4.59571
99.0012
31.126
89.2603
56.5584
46.6281
34.525
91.6127
68.41
86.8854
34.302
56.9315
46.4476
36.2995
55.3179
41.6572
6.73211
35.9684
25.4364
18.5375
91.0814
90.5645
75.4714
48.1141
28.5261
38.0514
85.6065
56.2637
92.6079
5.80515
92.4071
43.9592
93.4302
12.0986
26.1323
12.5998
29.2964
48.8076
98.6757
88.3069
72.1448
56.4027
88.859
4.15992
70.563
83.7623
2.20344
50.0117
75.5654
21.5539
97.1565
0.357076
89.1416
26.0425
80.9599
43.3955
11.7099
38.808
64.1249
62.9646
69.0459
86.3002
86.6141
76.5784
24.7358
69.6001
53.6
57.3306
55.0484
30.7658
35.2242
96.1097
27.2503
33.6286
93.3317
46.6708
68.1424
49.0856
35.6246
71.5559
34.597
49.5429
43.7074
67.792
77.5775
16.1028
71.5702
10.8792
78.457
49.4999
78.4098
49.3857
84.0794
49.4859
38.7617
20.2779
82.8324
36.4829
88.2166
79.1936
8.66314
5.82299
17.4185
37.3527
87.1714
98.94
91.3989
17.5118
33.7994
77.7515
34.11
21.2174
93.2808
80.0595
46.1602
51.6156
97.6636
19.5412
53.8181
36.2957
11.8986
69.0079
52.891
95.2528
35.9562
6.53794
63.9528
94.3456
24.1239
72.2957
68.9532
61.5545
62.6902
88.1645
75.1652
63.9919
70.0368
38.1939
92.7183
59.2487
21.4928
91.5217
6.3989
22.6281
3.89731
6.67539
47.1157
80.2624
60.5765
0.0904881
13.7388
43.7969
15.6745
11.2819
77.738
98.5353
59.1178
13.957
69.2821
49.0489
15.1352
16.9636
18.3567
33.1352
33.1398
14.935
10.2175
60.0059
34.3271
60.3799
61.6906
94.2551
22.2338
55.1521
41.5312
11.0919
60.4122
92.9551
78.3555
59.6374
6.26954
41.6765
34.019
79.0876
49.4805
10.9755
42.9161
21.8062
19.3687
64.5098
67.7154
2.39954
72.0516
17.8299
18.2915
26.2035
35.8829
76.6215
96.4646
55.662
3.28635
32.0878
27.9936
86.0395
86.3942
92.7534
28.5902
39.0344
63.6504
44.9377
20.1933
25.3345
17.7095
75.4598
78.2488
39.2312
26.2318
17.4907
63.2026
63.9332
24.7265
24.8392
28.1699
53.1724
23.962
38.7605
12.0832
80.3515
33.9104
34.5035
12.1184
52.7987
30.0968
83.3971
31.4641
62.6179
46.9248
10.3608
86.9877
1.17924
34.1779
67.0027
84.0963
63.4544
7.42119
32.4304
70.4223
87.684
5.85174
62.2727
35.7888
23.2178
74.6424
54.8508
88.306
