56.7996
79.6033
48.4956
57.9923
50.7248
64.3868
15.0654
56.5931
72.2539
61.4441
65.7917
44.9957
61.4527
37.5345
41.5313
70.1586
62.6597
56.5079
58.4068
38.1951
28.5503
53.8841
46.2167
57.4888
48.9858
49.2437
51.1532
63.6389
79.989
44.0718
54.6582
61.1614
53.7528
43.3676
37.1064
35.66
43.5294
76.735
55.076
46.0915
73.6358
53.0562
52.5634
39.5065
44.6315
61.5767
43.0183
83.7587
70.5424
50.0319
42.1021
50.4869
69.4946
42.0312
62.4858
43.7179
58.0449
56.2528
54.8683
53.4377
54.8659
47.1357
51.4413
47.2981
56.9145
56.2143
66.9453
42.072
48.6275
27.285
53.0412
66.1498
29.267
52.7477
52.8546
31.3062
70.0275
49.3775
32.7531
45.83
59.2145
33.9905
43.5883
28.2329
24.4662
47.8916
52.193
54.8211
48.4073
22.3654
56.8015
69.4125
47.6475
55.4829
58.0077
37.9604
80.2827
57.953
48.9935
33.2873
27.3629
49.3988
73.9276
50.9667
49.5158
52.2792
70.0533
29.7654
72.1953
42.3935
46
28.6323
38.7835
54.0236
84.2575
62.2185
49.7664
59.2533
60.9696
50.2431
46.2902
19.7165
42.0731
63.8659
57.0201
27.0238
56.4901
51.3622
78.1722
25.7453
23.9521
26.9312
40.5365
45.8438
31.4481
38.8674
67.9568
52.7114
42.3893
49.2935
48.8603
56.7189
49.4167
52.893
63.2756
62.9968
40.8661
83.7615
60.6036
36.135
65.828
49.6711
42.9092
66.6656
34.3447
55.5508
71.1086
50.5935
53.8753
22.9581
58.2729
40.1014
51.4103
43.0737
28.3428
39.3929
52.0742
42.6227
54.1471
78.0289
44.1593
44.8749
63.3638
63.5049
26.8468
50.8854
44.4822
58.7901
59.424
54.9889
49.0073
76.6304
60.5359
54.941
58.3066
51.7332
30.4984
49.7218
62.8097
47.2107
53.4486
29.9435
47.3141
48.6964
37.0375
51.6003
53.0931
48.6843
32.834
49.838
43.6647
72.1697
59.4582
27.6229
47.2246
47.107
56.3501
77.7576
63.8797
41.4436
65.8895
45.9941
62.1589
30.9223
52.7543
59.6361
41.4845
15.7754
61.3663
59.7144
52.264
52.218
42.1604
45.5052
74.1418
72.7774
52.7042
65.012
48.2059
32.8407
48.0584
42.6923
36.582
33.2014
37.8851
48.4023
59.0126
59.0654
52.2827
61.2253
51.3513
27.3668
69.2354
43.4825
35.9322
19.4065
46.7079
49.5109
35.4416
19.7043
75.4197
21.9723
38.0632
36.6939
79.7241
51.5069
61.7134
41.4785
65.0745
54.7879
38.4601
60.1935
48.7809
71.1448
20.4521
46.7225
41.1695
50.7393
46.2152
74.5722
56.3618
51.7741
37.915
59.3073
62.5678
40.2947
16.301
28.0756
27.1464
29.867
70.578
32.1643
40.1338
67.9152
38.5398
53.1923
30.9009
48.6468
45.8141
69.8989
64.1179
38.5252
41.988
55.0429
35.3012
46.8362
67.428
44.2799
34.3478
36.6594
27.1684
46.815
55.0126
61.0078
44.5178
59.8865
56.3616
56.4897
58.7246
86.841
45.3177
41.5707
47.2279
40.421
36.1904
67.8479
56.9065
32.9207
30.3754
59.5095
2.54146
21.8009
45.2823
55.1932
44.3727
54.8283
44.5453
40.7484
54.7215
26.9166
60.4571
57.9734
39.6082
72.7028
31.0541
56.5448
43.2693
55.0612
50.9097
40.9764
47.1236
57.5828
55.3204
61.2251
56.6985
33.6008
46.9392
35.9657
60.4892
44.7013
45.9288
30.2007
35.8554
48.641
55.9726
58.7129
55.6257
34.0023
29.519
86.3953
64.8441
63.6143
44.8519
45.1437
42.3225
32.7619
65.1399
38.9619
56.9691
66.0193
44.6953
53.9543
45.636
18.9703
59.3372
53.8781
25.1554
51.6364
67.5782
52.5406
45.912
46.7756
64.0061
37.6187
50.2095
35.6685
31.6254
50.0519
36.0285
33.3656
51.4785
35.2069
45.4494
59.737
44.2971
41.2248
57.9791
25.3437
44.6587
35.8569
45.36
51.42
53.6648
59.0439
47.2305
63.1355
62.2847
56.7504
41.2847
47.364
42.6215
48.0512
61.6889
52.1926
46.0262
44.4428
52.7538
67.2488
74.6982
82.9685
41.7603
44.8948
59.2314
23.0261
52.2717
40.7
47.9474
45.8178
43.6509
43.7844
51.2926
95.5369
36.7255
38.3506
51.0295
32.2388
38.2114
19.9664
59.1091
47.4474
64.2308
49.2585
56.5979
72.7643
42.0188
37.3748
61.1521
37.2441
52.6223
42.0645
41.6227
38.6454
66.5522
43.3632
69.3496
38.2844
26.6307
62.8312
44.7378
39.4631
37.5146
27.2319
42.5121
40.4625
56.8489
48.6728
60.3316
72.3559
48.9338
64.9326
72.8515
60.7779
66.5534
22.27
51.141
44.2632
68.8633
58.6268
60.1071
57.1933
68.7416
34.2138
49.773
46.1052
64.7219
74.8067
85.1506
24.5747
61.269
58.3712
31.3309
52.2918
46.9223
42.5464
41.7881
36.028
36.5927
66.9175
40.9392
20.9092
