  [1] 0.4536002 0.5142003 0.5366485 0.5904394 0.4723047 0.6313547 0.6228474
  [8] 0.5675044 0.4128468 0.4736400 0.4262155 0.4805124 0.6168892 0.5219257
 [15] 0.4602617 0.4444283 0.5275377 0.6724878 0.7469816 0.8296847 0.4176026
 [22] 0.4489484 0.5923142 0.2302607 0.5227174 0.4070000 0.4794740 0.4581784
 [29] 0.4365086 0.4378439 0.5129256 0.9553688 0.3672552 0.3835058 0.5102952
 [36] 0.3223877 0.3821137 0.1996645 0.5910912 0.4744737 0.6423076 0.4925847
 [43] 0.5659785 0.7276426 0.4201882 0.3737478 0.6115206 0.3724411 0.5262229
 [50] 0.4206448 0.4162272 0.3864544 0.6655217 0.4336317 0.6934959 0.3828438
 [57] 0.2663069 0.6283117 0.4473783 0.3946313 0.3751464 0.2723187 0.4251212
 [64] 0.4046248 0.5684891 0.4867283 0.6033157 0.7235585 0.4893385 0.6493261
 [71] 0.7285153 0.6077790 0.6655339 0.2226997 0.5114105 0.4426325 0.6886334
 [78] 0.5862683 0.6010707 0.5719332 0.6874160 0.3421376 0.4977295 0.4610515
 [85] 0.6472195 0.7480672 0.8515056 0.2457473 0.6126897 0.5837123 0.3133086
 [92] 0.5229175 0.4692233 0.4254640 0.4178811 0.3602803 0.3659274 0.6691751
 [99] 0.4093920 0.2090920
