  [1] 0.4366469 0.7216971 0.5945821 0.2762291 0.4722457 0.4710697 0.5635012
  [8] 0.7775762 0.6387968 0.4144359 0.6588953 0.4599407 0.6215894 0.3092228
 [15] 0.5275434 0.5963606 0.4148447 0.1577540 0.6136626 0.5971445 0.5226396
 [22] 0.5221800 0.4216039 0.4550517 0.7414180 0.7277737 0.5270419 0.6501202
 [29] 0.4820595 0.3284071 0.4805838 0.4269229 0.3658202 0.3320138 0.3788506
 [36] 0.4840230 0.5901263 0.5906541 0.5228269 0.6122535 0.5135134 0.2736680
 [43] 0.6923541 0.4348245 0.3593220 0.1940650 0.4670786 0.4951091 0.3544160
 [50] 0.1970434 0.7541970 0.2197230 0.3806316 0.3669387 0.7972407 0.5150694
 [57] 0.6171338 0.4147848 0.6507453 0.5478794 0.3846010 0.6019349 0.4878090
 [64] 0.7114482 0.2045209 0.4672255 0.4116952 0.5073934 0.4621524 0.7457224
 [71] 0.5636177 0.5177407 0.3791503 0.5930735 0.6256779 0.4029471 0.1630100
 [78] 0.2807557 0.2714638 0.2986705 0.7057803 0.3216431 0.4013383 0.6791519
 [85] 0.3853978 0.5319230 0.3090090 0.4864677 0.4581411 0.6989890 0.6411793
 [92] 0.3852517 0.4198803 0.5504291 0.3530118 0.4683618 0.6742802 0.4427990
 [99] 0.3434779 0.3665941
