  [1] 0.2716835 0.4681505 0.5501262 0.6100785 0.4451784 0.5988646 0.5636156
  [8] 0.5648968 0.5872456 0.8684102 0.4531773 0.4157067 0.4722787 0.4042102
 [15] 0.3619039 0.6784795 0.5690648 0.3292073 0.3037540 0.5950955 0.0254146
 [22] 0.2180086 0.4528228 0.5519321 0.4437268 0.5482834 0.4454531 0.4074844
 [29] 0.5472145 0.2691664 0.6045709 0.5797340 0.3960823 0.7270280 0.3105405
 [36] 0.5654476 0.4326930 0.5506119 0.5090967 0.4097644 0.4712358 0.5758282
 [43] 0.5532040 0.6122509 0.5669846 0.3360080 0.4693916 0.3596572 0.6048922
 [50] 0.4470126 0.4592884 0.3020073 0.3585543 0.4864105 0.5597257 0.5871292
 [57] 0.5562569 0.3400232 0.2951900 0.8639526 0.6484410 0.6361425 0.4485192
 [64] 0.4514366 0.4232246 0.3276194 0.6513992 0.3896190 0.5696915 0.6601926
 [71] 0.4469534 0.5395431 0.4563602 0.1897031 0.5933720 0.5387810 0.2515536
 [78] 0.5163640 0.6757822 0.5254059 0.4591203 0.4677565 0.6400614 0.3761867
 [85] 0.5020950 0.3566846 0.3162535 0.5005190 0.3602851 0.3336558 0.5147854
 [92] 0.3520687 0.4544944 0.5973701 0.4429713 0.4122482 0.5797906 0.2534371
 [99] 0.4465872 0.3585690
