  [1] 0.2736292 0.4939881 0.7392765 0.5096669 0.4951581 0.5227917 0.7005334
  [8] 0.2976535 0.7219526 0.4239348 0.4600003 0.2863231 0.3878353 0.5402362
 [15] 0.8425750 0.6221848 0.4976640 0.5925333 0.6096956 0.5024307 0.4629016
 [22] 0.1971654 0.4207309 0.6386585 0.5702008 0.2702375 0.5649014 0.5136220
 [29] 0.7817219 0.2574527 0.2395213 0.2693119 0.4053645 0.4584383 0.3144814
 [36] 0.3886738 0.6795679 0.5271144 0.4238929 0.4929348 0.4886034 0.5671890
 [43] 0.4941674 0.5289299 0.6327558 0.6299676 0.4086614 0.8376150 0.6060363
 [50] 0.3613499 0.6582796 0.4967113 0.4290920 0.6666556 0.3434472 0.5555082
 [57] 0.7110861 0.5059350 0.5387528 0.2295812 0.5827291 0.4010145 0.5141027
 [64] 0.4307368 0.2834276 0.3939286 0.5207421 0.4262274 0.5414712 0.7802885
 [71] 0.4415925 0.4487492 0.6336382 0.6350486 0.2684683 0.5088538 0.4448224
 [78] 0.5879013 0.5942403 0.5498887 0.4900730 0.7663035 0.6053585 0.5494101
 [85] 0.5830658 0.5173324 0.3049837 0.4972181 0.6280968 0.4721070 0.5344860
 [92] 0.2994350 0.4731405 0.4869641 0.3703754 0.5160027 0.5309310 0.4868434
 [99] 0.3283404 0.4983802
