  [1] 0.288648647 0.206287649 0.082657242 0.981866488 0.767732667 0.668063708
  [7] 0.908263935 0.499648229 0.888391862 0.672722089 0.135730469 0.136654102
 [13] 0.390419507 0.273884142 0.082531222 0.267991847 0.481385452 0.766844291
 [19] 0.029404944 0.799452342 0.179150469 0.647958773 0.693260695 0.764539537
 [25] 0.079057031 0.335652779 0.908825857 0.921553745 0.883644582 0.146914063
 [31] 0.218802741 0.595872680 0.746620019 0.253753514 0.972790198 0.588243132
 [37] 0.447180466 0.063030584 0.854026786 0.648187347 0.082681418 0.193163351
 [43] 0.350405540 0.894217420 0.327588230 0.374733821 0.796242842 0.293103661
 [49] 0.528194449 0.351543110 0.006127521 0.994975783 0.264929347 0.568538342
 [55] 0.098622059 0.624482727 0.575151844 0.610864436 0.976581197 0.044941948
 [61] 0.864303935 0.562352031 0.769283070 0.779031390 0.102972919 0.674486350
 [67] 0.070428850 0.852620971 0.064852838 0.226401357 0.083869070 0.996293977
 [73] 0.089268121 0.122693560 0.605502147 0.214497806 0.874166387 0.378798223
 [79] 0.710188143 0.928966458 0.998045975 0.602510265 0.954713300 0.963850370
 [85] 0.133841182 0.584516319 0.436523773 0.521423143 0.501530304 0.323090941
 [91] 0.759561292 0.260632124 0.465853414 0.460325868 0.262550188 0.598328419
 [97] 0.515041505 0.007450624 0.993793807 0.646049536
