  [1] 0.98535307 0.59117831 0.13956966 0.69282079 0.49048914 0.15135185
  [7] 0.16963629 0.18356738 0.33135179 0.33139771 0.14935042 0.10217510
 [13] 0.60005914 0.34327088 0.60379858 0.61690582 0.94255082 0.22233775
 [19] 0.55152058 0.41531155 0.11091854 0.60412183 0.92955141 0.78355478
 [25] 0.59637435 0.06269539 0.41676452 0.34019008 0.79087641 0.49480533
 [31] 0.10975536 0.42916118 0.21806183 0.19368747 0.64509805 0.67715409
 [37] 0.02399540 0.72051617 0.17829864 0.18291478 0.26203490 0.35882856
 [43] 0.76621490 0.96464646 0.55661955 0.03286353 0.32087837 0.27993640
 [49] 0.86039467 0.86394236 0.92753385 0.28590155 0.39034360 0.63650360
 [55] 0.44937679 0.20193303 0.25334479 0.17709475 0.75459775 0.78248811
 [61] 0.39231197 0.26231838 0.17490672 0.63202633 0.63933183 0.24726482
 [67] 0.24839225 0.28169946 0.53172429 0.23961972 0.38760466 0.12083161
 [73] 0.80351492 0.33910365 0.34503484 0.12118418 0.52798660 0.30096828
 [79] 0.83397133 0.31464111 0.62617903 0.46924776 0.10360783 0.86987693
 [85] 0.01179243 0.34177947 0.67002712 0.84096330 0.63454353 0.07421187
 [91] 0.32430357 0.70422256 0.87683963 0.05851743 0.62272669 0.35788791
 [97] 0.23217843 0.74642447 0.54850761 0.88306007
