  [1] 0.141123304 0.448381082 0.780252369 0.639186885 0.114972968 0.805374668
  [7] 0.580164585 0.802972433 0.571270773 0.562238245 0.699008814 0.138719617
 [13] 0.794526971 0.730286757 0.574004018 0.989522488 0.643858451 0.066751727
 [19] 0.116167923 0.648699142 0.685459913 0.286303848 0.122916929 0.844859973
 [25] 0.250844366 0.666145033 0.621628982 0.456223400 0.087584739 0.327294853
 [31] 0.242488821 0.508408886 0.484040401 0.692305698 0.681952983 0.499502715
 [37] 0.422964982 0.510080487 0.276089223 0.724875505 0.071197723 0.080645672
 [43] 0.768321424 0.180893763 0.024616962 0.045957141 0.990012184 0.311259557
 [49] 0.892603216 0.565584259 0.466280807 0.345249971 0.916126659 0.684100315
 [55] 0.868853703 0.343020238 0.569315480 0.464476237 0.362995417 0.553178770
 [61] 0.416572190 0.067321104 0.359683558 0.254364068 0.185374736 0.910813951
 [67] 0.905645390 0.754713761 0.481141165 0.285260736 0.380514413 0.856065325
 [73] 0.562637094 0.926079413 0.058051525 0.924071312 0.439592146 0.934302127
 [79] 0.120986288 0.261322686 0.125998011 0.292963822 0.488075665 0.986756872
 [85] 0.883068737 0.721447892 0.564027258 0.888590107 0.041599191 0.705629506
 [91] 0.837623159 0.022034392 0.500116989 0.755653898 0.215538915 0.971564695
 [97] 0.003570762 0.891415511 0.260425022 0.809599214
