  [1] 0.4339547565 0.1170985063 0.3880799939 0.6412489421 0.6296457935
  [6] 0.6904589324 0.8630023357 0.8661407419 0.7657842247 0.2473584695
 [11] 0.6960010896 0.5359998611 0.5733059489 0.5504843669 0.3076582889
 [16] 0.3522418928 0.9610966530 0.2725032982 0.3362862745 0.9333168156
 [21] 0.4667076822 0.6814240592 0.4908557895 0.3562460553 0.7155589906
 [26] 0.3459698169 0.4954293256 0.4370737483 0.6779196749 0.7757751399
 [31] 0.1610279277 0.7157017014 0.1087923546 0.7845697228 0.4949987871
 [36] 0.7840982310 0.4938567467 0.8407938832 0.4948594137 0.3876172379
 [41] 0.2027792204 0.8283236662 0.3648287740 0.8821657186 0.7919363983
 [46] 0.0866313954 0.0582298688 0.1741846444 0.3735271664 0.8717137661
 [51] 0.9894003333 0.9139894964 0.1751184035 0.3379936055 0.7775149257
 [56] 0.3411000741 0.2121744729 0.9328077226 0.8005947280 0.4616021758
 [61] 0.5161558259 0.9766363804 0.1954124151 0.5381805298 0.3629565025
 [66] 0.1189862862 0.6900793884 0.5289100015 0.9525278485 0.3595620047
 [71] 0.0653793861 0.6395278438 0.9434558367 0.2412393047 0.7229567908
 [76] 0.6895323985 0.6155447694 0.6269022399 0.8816454778 0.7516515739
 [81] 0.6399193520 0.7003684188 0.3819389814 0.9271832840 0.5924874167
 [86] 0.2149283998 0.9152171409 0.0639889548 0.2262814816 0.0389730898
 [91] 0.0667539244 0.4711566090 0.8026242075 0.6057646750 0.0009048812
 [96] 0.1373880508 0.4379689996 0.1567446438 0.1128187438 0.7773800208
