27.3629
49.3988
73.9276
50.9667
49.5158
52.2792
70.0533
29.7654
72.1953
42.3935
46
28.6323
38.7835
54.0236
84.2575
62.2185
49.7664
59.2533
60.9696
50.2431
46.2902
19.7165
42.0731
63.8659
57.0201
27.0238
56.4901
51.3622
78.1722
25.7453
23.9521
26.9312
40.5365
45.8438
31.4481
38.8674
67.9568
52.7114
42.3893
49.2935
48.8603
56.7189
49.4167
52.893
63.2756
62.9968
40.8661
83.7615
60.6036
36.135
65.828
49.6711
42.9092
66.6656
34.3447
55.5508
71.1086
50.5935
53.8753
22.9581
58.2729
40.1014
51.4103
43.0737
28.3428
39.3929
52.0742
42.6227
54.1471
78.0289
44.1593
44.8749
63.3638
63.5049
26.8468
50.8854
44.4822
58.7901
59.424
54.9889
49.0073
76.6304
60.5359
54.941
58.3066
51.7332
30.4984
49.7218
62.8097
47.2107
53.4486
29.9435
47.3141
48.6964
37.0375
51.6003
53.0931
48.6843
32.834
49.838
