28.8649
20.6288
8.26572
98.1866
76.7733
66.8064
90.8264
49.9648
88.8392
67.2722
13.573
13.6654
39.042
27.3884
8.25312
26.7992
48.1385
76.6844
2.94049
79.9452
17.915
64.7959
69.3261
76.454
7.9057
33.5653
90.8826
92.1554
88.3645
14.6914
21.8803
59.5873
74.662
25.3754
97.279
58.8243
44.718
6.30306
85.4027
64.8187
8.26814
19.3163
35.0406
89.4217
32.7588
37.4734
79.6243
29.3104
52.8194
35.1543
0.612752
99.4976
26.4929
56.8538
9.86221
62.4483
57.5152
61.0864
97.6581
4.49419
86.4304
56.2352
76.9283
77.9031
10.2973
67.4486
7.04289
85.2621
6.48528
22.6401
8.38691
99.6294
8.92681
12.2694
60.5502
21.4498
87.4166
37.8798
71.0188
92.8966
99.8046
60.251
95.4713
96.385
13.3841
58.4516
43.6524
52.1423
50.153
32.3091
75.9561
26.0632
46.5853
46.0326
26.255
59.8328
51.5042
0.745062
99.3794
64.605
