  [1] 0.5751991 0.3036295 0.7800527 0.4765329 0.6848474 0.6114329 0.5099358
  [8] 0.4562463 0.4551284 0.3645240 0.7470125 0.5979830 0.4990666 0.6483278
 [15] 0.4477494 0.3661158 0.1477558 0.4386570 0.3049804 0.3036013 0.6199190
 [22] 0.4618965 0.5937930 0.5341252 0.5998159 0.4390231 0.6288171 0.6252553
 [29] 0.5427025 0.4581636 0.7693713 0.6363922 0.5671250 0.2497010 0.5755057
 [36] 0.4447724 0.2088770 0.5516686 0.8618966 0.7052183 0.7595360 0.6923720
 [43] 0.7601156 0.4419942 0.8981866 0.4881200 0.6533041 0.5146909 0.3357480
 [50] 0.4869987 0.4488975 0.3662758 0.5919765 0.5604037 0.8339953 0.2573998
 [57] 0.3778249 0.5575049 0.4540285 0.5591190 0.4813406 0.2164724 0.4774697
 [64] 0.4614724 0.6529145 0.2597264 0.3747893 0.5495135 0.3899010 0.2852038
 [71] 0.4493908 0.6535440 0.4455412 0.5840104 0.5078136 0.5487234 0.5543826
 [78] 0.4705410 0.7720798 0.3077767 0.5163871 0.4674375 0.4449782 0.8090464
 [85] 0.5841962 0.6221099 0.7908716 0.4936840 0.2844052 0.3400725 0.3650096
 [92] 0.4718401 0.4701967 0.4151466 0.3693543 0.5402964 0.2018144 0.5438732
 [99] 0.7093514 0.3635683
