  [1] 0.5679964 0.7960333 0.4849562 0.5799227 0.5072483 0.6438684 0.1506538
  [8] 0.5659313 0.7225389 0.6144410 0.6579168 0.4499568 0.6145270 0.3753447
 [15] 0.4153129 0.7015864 0.6265972 0.5650785 0.5840676 0.3819510 0.2855033
 [22] 0.5388410 0.4621672 0.5748877 0.4898579 0.4924372 0.5115316 0.6363893
 [29] 0.7998898 0.4407177 0.5465815 0.6116140 0.5375275 0.4336755 0.3710641
 [36] 0.3566002 0.4352936 0.7673497 0.5507596 0.4609146 0.7363583 0.5305617
 [43] 0.5256344 0.3950652 0.4463147 0.6157672 0.4301828 0.8375868 0.7054237
 [50] 0.5003190 0.4210212 0.5048692 0.6949455 0.4203121 0.6248578 0.4371793
 [57] 0.5804492 0.5625284 0.5486835 0.5343772 0.5486590 0.4713567 0.5144132
 [64] 0.4729808 0.5691445 0.5621430 0.6694528 0.4207198 0.4862754 0.2728496
 [71] 0.5304118 0.6614982 0.2926696 0.5274771 0.5285464 0.3130624 0.7002745
 [78] 0.4937748 0.3275312 0.4582996 0.5921451 0.3399054 0.4358835 0.2823289
 [85] 0.2446618 0.4789157 0.5219299 0.5482110 0.4840731 0.2236538 0.5680146
 [92] 0.6941255 0.4764746 0.5548288 0.5800768 0.3796042 0.8028267 0.5795296
 [99] 0.4899349 0.3328733
