  [1] 0.84689884 0.51428735 0.48025105 0.41402791 0.45584320 0.71480344
  [7] 0.77334156 0.76618951 0.36630218 0.38784611 0.48455601 0.71987240
 [13] 0.08213292 0.50683778 0.50497344 0.48836776 0.52433135 0.46985806
 [19] 0.52489209 0.52925678 0.50974383 0.55823666 0.33182810 0.51942718
 [25] 0.39139511 0.53421768 0.59552626 0.48086302 0.21550262 0.72264673
 [31] 0.53888316 0.59521181 0.53529216 0.45783804 0.48248452 0.37594619
 [37] 0.59831478 0.38906620 0.55588834 0.44697931 0.51261270 0.43526020
 [43] 0.50244252 0.21922383 0.40003076 0.24368289 0.59627584 0.45154284
 [49] 0.73936965 0.43912444 0.46533560 0.49402126 0.54971597 0.74408431
 [55] 0.55032232 0.34315769 0.50898129 0.36252095 0.66904374 0.37480931
 [61] 0.51121165 0.53585087 0.56341059 0.38270994 0.43854466 0.16313949
 [67] 0.22898884 0.59346274 0.33724737 0.67925272 0.55157966 0.37276799
 [73] 0.53162254 0.37301730 0.62026916 0.58986047 0.60135470 0.28092168
 [79] 0.45593279 0.32830669 0.19748825 0.65184480 0.64144036 0.62400967
 [85] 0.65558027 0.55836666 0.64242942 0.64440801 0.54247083 0.41328655
 [91] 0.58465614 0.49349480 0.64781123 0.72213450 0.59534375 0.32823132
 [97] 0.62488560 0.47836849 0.50258557 0.58615436
