  [1] 0.4592791 0.4052477 0.4497507 0.4192356 0.3365009 0.4021309 0.4736398
  [8] 0.3493545 0.8439624 0.6023238 0.4849228 0.2872422 0.4154865 0.2513502
 [15] 0.6237630 0.5111718 0.3671784 0.2628532 0.6419757 0.5221378 0.3523835
 [22] 0.4247106 0.5313420 0.2867763 0.4881146 0.6536469 0.5977954 0.5781213
 [29] 0.5090655 0.6558838 0.5155240 0.3554540 0.4746373 0.8610729 0.3813266
 [36] 0.5292072 0.3812077 0.7169457 0.5094529 0.3727157 0.3656596 0.7814033
 [43] 0.5574973 0.8874122 0.6147744 0.2639270 0.3737704 0.6711513 0.6827790
 [50] 0.8856919 0.3519989 0.4762431 0.3391796 0.4198158 0.4072208 0.3475761
 [57] 0.2707947 0.5613285 0.6643318 0.3227242 0.3896170 0.5922245 0.3551409
 [64] 0.2653373 0.2381518 0.6673932 0.6821648 0.6016372 0.3972369 0.4918144
 [71] 0.2470364 0.5669362 0.3681378 0.4935955 0.4833694 0.3175427 0.4585509
 [78] 0.3712555 0.3387950 0.2604564 0.3680009 0.3300774 0.4360989 0.5670229
 [85] 0.5156494 0.3287343 0.4387756 0.4933676 0.3627325 0.5435908 0.5112348
 [92] 0.4528990 0.5888241 0.6077504 0.6344822 0.5472898 0.3771490 0.3658642
 [99] 0.5354963 0.6830303
