  [1] 0.36646321 0.22913646 0.58303045 0.51494044 0.45239081 0.29670395
  [7] 0.49415793 0.48821450 0.67383219 0.60464893 0.50198073 0.54457681
 [13] 0.40592055 0.47127277 0.49786700 0.45024764 0.42715891 0.36667951
 [19] 0.40729908 0.50605073 0.19216019 0.52310989 0.36398379 0.48103391
 [25] 0.38975373 0.43732917 0.58219716 0.60342609 0.81329361 0.64594576
 [31] 0.49285769 0.32865936 0.84001238 0.54990738 0.40255842 0.38508868
 [37] 0.65671236 0.21610623 0.45349543 0.60770354 0.27335813 0.42554408
 [43] 0.29165423 0.39160327 0.62336584 0.27842503 0.76538403 0.28980495
 [49] 0.66494069 0.44004406 0.45095478 0.52174304 0.37379994 0.47304388
 [55] 0.45418970 0.45564160 0.32772638 0.60105066 0.55645623 0.44213175
 [61] 0.56404101 0.38699743 0.44590931 0.34301274 0.73283874 0.37670927
 [67] 0.45135232 0.42621425 0.56684003 0.33546939 0.35874392 0.49229545
 [73] 0.33594860 0.75743999 0.65605563 0.54965029 0.30132676 0.42206274
 [79] 0.30414633 0.05873352 0.67508220 0.58586471 0.75640876 0.54188561
 [85] 0.60280953 0.64006542 0.41259222 0.47204199 0.60173518 0.55229703
 [91] 0.54115191 0.43968674 0.41066825 0.37332452 0.41235513 0.63925449
 [97] 0.65054742 0.56799560 0.27025337 0.66049899
