  [1] 0.542111457 0.258960785 0.557085755 0.274804964 0.218876549 0.738434918
  [7] 0.525699229 0.171511435 0.001558617 0.894135573 0.929784503 0.393694094
 [13] 0.114696939 0.268334484 0.070022655 0.675372487 0.034308359 0.892142409
 [19] 0.652447704 0.676373918 0.399180409 0.095429316 0.253281969 0.882845948
 [25] 0.780342211 0.714205488 0.021853785 0.628097820 0.260663345 0.139049399
 [31] 0.327767636 0.475860279 0.744848694 0.207545726 0.627920242 0.887674510
 [37] 0.517888251 0.866535160 0.790988802 0.095725704 0.228012125 0.259894597
 [43] 0.434401694 0.598839022 0.214302665 0.528327859 0.743803357 0.339726708
 [49] 0.126726042 0.012925133 0.914922450 0.660195090 0.540178466 0.737024800
 [55] 0.723730307 0.800494496 0.505915493 0.832492370 0.311837268 0.405751047
 [61] 0.503542357 0.255378549 0.411848919 0.418748746 0.789097396 0.356891824
 [67] 0.044902855 0.256940762 0.871664546 0.398234619 0.480995631 0.438545389
 [73] 0.974619215 0.852030342 0.707684716 0.795650502 0.263477720 0.056577224
 [79] 0.883888869 0.097326946 0.240201470 0.521210760 0.778319327 0.049834177
 [85] 0.486357308 0.146545502 0.017864073 0.823228104 0.135278062 0.637551277
 [91] 0.411913036 0.511531780 0.329220313 0.878637985 0.436471389 0.758250961
 [97] 0.801247778 0.135481529 0.942170718 0.960424034
