  [1] 0.180924852 0.187256699 0.927461159 0.305690288 0.277132017 0.945534254
  [7] 0.329887226 0.559486123 0.571723442 0.119289779 0.943142645 0.648182316
 [13] 0.253875112 0.853352460 0.124937500 0.848051439 0.428833336 0.511143372
 [19] 0.683153104 0.035328677 0.429419043 0.678711117 0.107521443 0.660111054
 [25] 0.568449413 0.798558777 0.125561770 0.249887773 0.595245007 0.325374374
 [31] 0.894341268 0.946634869 0.789227849 0.996230541 0.550704103 0.286845722
 [37] 0.667975049 0.288887645 0.941961186 0.049661626 0.969185746 0.120631080
 [43] 0.506392660 0.093940906 0.431007237 0.195023043 0.189319360 0.245942660
 [49] 0.673493940 0.456565876 0.078919114 0.957895309 0.878686063 0.472796159
 [55] 0.343072040 0.791061579 0.861728263 0.339390873 0.191917251 0.274222847
 [61] 0.621692104 0.168183183 0.275908603 0.932513791 0.195198757 0.927260532
 [67] 0.607090475 0.178593879 0.629905682 0.705685300 0.828090867 0.960239961
 [73] 0.736688185 0.524599074 0.744888106 0.604857752 0.937792870 0.836372500
 [79] 0.460005309 0.041811273 0.004998341 0.226574000 0.938289978 0.696853912
 [85] 0.185456807 0.084004743 0.641910631 0.854054639 0.409823020 0.161053060
 [91] 0.757808271 0.267661239 0.588499788 0.440655719 0.083083238 0.947886264
 [97] 0.074442530 0.355537466 0.171030628 0.076246514
