  [1] 0.578776109 0.980768405 0.143023125 0.148391823 0.256757875 0.547677058
  [7] 0.272916350 0.263651909 0.181598616 0.678984576 0.040537705 0.298571362
 [13] 0.790499831 0.328150566 0.402890367 0.172841589 0.179934162 0.661351862
 [19] 0.319092959 0.168165916 0.997563840 0.756623291 0.062042206 0.808113093
 [25] 0.584952943 0.711275465 0.564565980 0.233822568 0.929517000 0.325113087
 [31] 0.542335695 0.100248350 0.536799145 0.443756384 0.667529507 0.351130927
 [37] 0.609328997 0.524755908 0.342487888 0.526285707 0.333345738 0.494064767
 [43] 0.967006196 0.317733333 0.775447651 0.436684692 0.509991353 0.627533547
 [49] 0.851463025 0.342072621 0.216503800 0.137593507 0.885751021 0.921511633
 [55] 0.564076923 0.391583150 0.822171099 0.526015559 0.891364511 0.306644253
 [61] 0.724177328 0.611441641 0.077348757 0.280534123 0.565463699 0.239509284
 [67] 0.308595981 0.547858569 0.120090764 0.848709538 0.818232483 0.395534764
 [73] 0.259100267 0.586077427 0.469062134 0.546609123 0.521168765 0.091781481
 [79] 0.431926868 0.741163784 0.495112712 0.052753624 0.102472081 0.080390345
 [85] 0.374675185 0.648882106 0.188925498 0.830924168 0.071572920 0.009743131
 [91] 0.157837196 0.246535259 0.281945389 0.643645346 0.561306224 0.488983479
 [97] 0.935718653 0.206462023 0.450193722 0.306918498
