  [1] 0.951703725 0.249901323 0.845876517 0.526045917 0.134039970 0.966672428
  [7] 0.471048475 0.127091398 0.684924146 0.051402355 0.670032745 0.717602554
 [13] 0.989349929 0.341193988 0.977700522 0.607199434 0.515389759 0.683089283
 [19] 0.765177688 0.532530260 0.545967851 0.933265362 0.012274621 0.264652542
 [25] 0.234188840 0.643370426 0.178027470 0.013113475 0.568532954 0.030642784
 [31] 0.104767014 0.017842080 0.266542894 0.856314303 0.104544212 0.230419713
 [37] 0.560525965 0.513208112 0.071354900 0.307451386 0.431643896 0.383827565
 [43] 0.107302097 0.281930166 0.513766543 0.753976395 0.359964127 0.853431928
 [49] 0.116979554 0.532025304 0.119693467 0.621978463 0.847314500 0.737552419
 [55] 0.884836121 0.682218884 0.140212685 0.874645178 0.987694048 0.241867718
 [61] 0.279592659 0.770974797 0.961771306 0.381008623 0.545137820 0.240728979
 [67] 0.046031248 0.234411833 0.297470972 0.929334860 0.578381050 0.127293419
 [73] 0.350316628 0.768191784 0.490773675 0.837154031 0.788032114 0.465111244
 [79] 0.200935938 0.502722732 0.455907037 0.749697558 0.002882296 0.077025453
 [85] 0.606018178 0.781340628 0.802174137 0.388763380 0.710539679 0.730386065
 [91] 0.801853724 0.816531122 0.436159829 0.362882634 0.382323548 0.937771059
 [97] 0.765703682 0.273299882 0.017092803 0.661502888
