  [1] 0.93441371 0.72096558 0.29779568 0.91933571 0.01421324 0.82202575
  [7] 0.68801065 0.96908485 0.01706674 0.53060655 0.19887022 0.47065608
 [13] 0.35408936 0.80857565 0.40663104 0.66861812 0.09625320 0.43921471
 [19] 0.85459284 0.62375691 0.41684763 0.57579347 0.17111727 0.46491467
 [25] 0.04651577 0.90121729 0.15196337 0.67940509 0.41565101 0.91077914
 [31] 0.73920342 0.99693852 0.49810451 0.65386917 0.47090895 0.80780883
 [37] 0.03749998 0.35802172 0.99544308 0.95842663 0.28578444 0.78324326
 [43] 0.06440553 0.28334911 0.01446924 0.13192841 0.18108087 0.42493495
 [49] 0.98385061 0.37350738 0.69780956 0.07348785 0.11116529 0.86522737
 [55] 0.80852267 0.14967474 0.74505810 0.58605530 0.70170307 0.55836207
 [61] 0.61689289 0.20559102 0.85050519 0.61029987 0.73309267 0.06145407
 [67] 0.40951950 0.73142378 0.28407963 0.30095860 0.14102887 0.37545584
 [73] 0.40802020 0.65584173 0.84286133 0.21388000 0.08637964 0.80959324
 [79] 0.06203181 0.44563993 0.59996394 0.15258111 0.39055319 0.09412781
 [85] 0.29051450 0.10560623 0.38001831 0.43784752 0.31614475 0.24090820
 [91] 0.13629566 0.70431077 0.80074843 0.81168959 0.57376971 0.05096272
 [97] 0.35675931 0.89855479 0.88087001 0.82357230
