54.2111
25.8961
55.7086
27.4805
21.8877
73.8435
52.5699
17.1511
0.155862
89.4136
92.9785
39.3694
11.4697
26.8334
7.00227
67.5372
3.43084
89.2142
65.2448
67.6374
39.918
9.54293
25.3282
88.2846
78.0342
71.4205
2.18538
62.8098
26.0663
13.9049
32.7768
47.586
74.4849
20.7546
62.792
88.7675
51.7888
86.6535
79.0989
9.57257
22.8012
25.9895
43.4402
59.8839
21.4303
52.8328
74.3803
33.9727
12.6726
1.29251
91.4922
66.0195
54.0178
73.7025
72.373
80.0494
50.5915
83.2492
31.1837
40.5751
50.3542
25.5379
41.1849
41.8749
78.9097
35.6892
4.49029
25.6941
87.1665
39.8235
48.0996
43.8545
97.4619
85.203
70.7685
79.5651
26.3478
5.65772
88.3889
9.73269
24.0201
52.1211
77.8319
4.98342
48.6357
14.6546
1.78641
82.3228
13.5278
63.7551
41.1913
51.1532
32.922
87.8638
43.6471
75.8251
80.1248
13.5482
94.2171
96.0424
18.0925
18.7257
92.7461
30.569
27.7132
94.5534
32.9887
55.9486
57.1723
11.929
94.3143
64.8182
25.3875
85.3352
12.4938
84.8051
42.8833
51.1143
68.3153
3.53287
42.9419
67.8711
10.7521
66.0111
56.8449
79.8559
12.5562
24.9888
59.5245
32.5374
89.4341
94.6635
78.9228
99.6231
55.0704
28.6846
66.7975
28.8888
94.1961
4.96616
96.9186
12.0631
50.6393
9.39409
43.1007
19.5023
18.9319
24.5943
67.3494
45.6566
7.89191
95.7895
87.8686
47.2796
34.3072
79.1062
86.1728
33.9391
19.1917
27.4223
62.1692
16.8183
27.5909
93.2514
19.5199
92.7261
60.709
17.8594
62.9906
70.5685
82.8091
96.024
73.6688
52.4599
74.4888
60.4858
93.7793
83.6372
46.0005
4.18113
0.499834
22.6574
93.829
69.6854
18.5457
8.40047
64.1911
85.4055
40.9823
16.1053
75.7808
26.7661
58.85
44.0656
8.30832
94.7886
7.44425
35.5537
17.1031
7.62465
93.4414
72.0966
29.7796
91.9336
1.42132
82.2026
68.8011
96.9085
1.70667
53.0607
19.887
47.0656
35.4089
80.8576
40.6631
66.8618
9.62532
43.9215
85.4593
62.3757
41.6848
57.5793
17.1117
46.4915
4.65158
90.1217
15.1963
67.9405
41.5651
91.0779
73.9203
99.6939
49.8105
65.3869
47.0909
80.7809
3.75
35.8022
99.5443
95.8427
28.5784
78.3243
6.44055
28.3349
1.44692
13.1928
18.1081
42.4935
98.3851
37.3507
69.781
7.34878
11.1165
86.5227
80.8523
14.9675
74.5058
58.6055
70.1703
55.8362
61.6893
20.5591
85.0505
61.03
73.3093
6.14541
40.9519
73.1424
28.408
30.0959
14.1029
37.5456
40.802
65.5842
84.2861
21.388
8.63796
80.9593
6.20318
44.564
59.9964
15.2581
39.0553
9.41278
29.0515
10.5606
38.0018
43.7848
31.6145
24.0908
13.6296
70.4311
80.0748
81.169
57.377
5.09627
35.6759
89.8555
88.087
82.3572
57.8776
98.0768
14.3023
14.8392
25.6758
54.7677
27.2916
26.3652
18.1599
67.8985
4.05377
29.8571
79.05
32.8151
40.289
17.2842
17.9934
66.1352
31.9093
16.8166
99.7564
75.6623
6.20422
80.8113
58.4953
71.1275
56.4566
23.3823
92.9517
32.5113
54.2336
10.0248
53.6799
44.3756
66.753
35.1131
60.9329
52.4756
34.2488
52.6286
33.3346
49.4065
96.7006
31.7733
77.5448
43.6685
50.9991
62.7534
85.1463
34.2073
21.6504
13.7594
88.5751
92.1512
56.4077
39.1583
82.2171
52.6016
89.1365
30.6644
72.4177
61.1442
7.73488
28.0534
56.5464
23.9509
30.8596
54.7859
12.0091
84.871
81.8232
39.5535
25.91
58.6077
46.9062
54.6609
52.1169
9.17815
43.1927
74.1164
49.5113
5.27536
10.2472
8.03903
37.4675
64.8882
18.8925
83.0924
7.15729
0.974313
15.7837
24.6535
28.1945
64.3645
56.1306
48.8983
93.5719
20.6462
45.0194
30.6918
55.9668
92.0131
60.5511
58.302
81.5918
88.3573
98.0378
13.4689
35.2125
50.912
55.5166
14.4381
23.0106
42.9643
80.8647
22.3493
28.9133
74.7195
95.5967
17.6799
16.912
96.3215
96.5396
25.1667
48.5716
88.0421
95.1948
55.0337
94.8073
50.7826
93.8743
48.1941
70.0232
16.0659
77.0647
23.534
61.2389
30.9453
81.0281
77.8593
82.3605
54.635
36.0298
96.4267
55.6362
21.1287
9.24002
64.3018
68.4215
71.0725
22.9277
91.9314
32.7615
74.3843
5.49325
14.8144
37.5098
55.2452
95.2536
56.957
72.8158
35.736
24.0524
81.7185
49.5695
57.5941
28.8782
13.0313
86.1789
85.2324
26.9808
69.0399
70.7447
7.38218
40.2334
95.915
23.1129
33.0721
45.5827
49.2548
4.34108
81.3702
1.37451
47.3378
9.14238
46.1558
53.4713
72.7612
84.2624
56.4501
62.2543
21.9967
73.2993
15.9851
14.8111
91.4021
26.1449
19.6007
2.09997
15.1584
