33.3014
61.2312
65.0625
48.7121
57.6486
36.3077
52.4348
46.9896
48.0545
40.9947
20.9564
31.8317
51.7371
30.6475
29.5684
30.5765
41.594
94.0979
66.5486
36.73
48.5604
67.5284
43.6352
40.5401
65.4391
45.6856
61.2462
45.9373
27.3361
31.417
25.604
59.3432
51.0082
57.0908
40.356
41.7266
42.774
55.9702
31.8279
36.004
72.7405
37.4976
58.1606
24.1472
54.9302
74.9447
64.9323
39.5114
54.7432
60.1111
23.6347
49.2486
40.3608
71.0025
47.644
57.0391
29.3201
63.0758
62.3413
59.6696
20.5583
55.0587
53.6821
35.3266
84.8075
52.4947
44.0057
52.6069
39.1739
26.5761
58.4221
41.0956
72.6358
47.0323
48.3039
59.5773
51.3638
56.4236
38.5206
35.0682
54.2277
60.3342
56.4131
84.961
46.6107
69.2829
29.9592
46.9614
67.4917
62.4971
22.3905
41.9549
43.3884
64.8281
38.0881
76.5061
59.3518
17.1213
29.9965
53.1502
45.9279
40.5248
44.9751
41.9236
33.6501
40.2131
47.364
34.9355
84.3962
60.2324
48.4923
28.7242
41.5486
25.135
62.3763
51.1172
36.7178
26.2853
64.1976
52.2138
35.2384
42.4711
53.1342
28.6776
48.8115
65.3647
59.7795
57.8121
50.9065
65.5884
51.5524
35.5454
47.4637
86.1073
38.1327
52.9207
38.1208
71.6946
50.9453
37.2716
36.566
78.1403
55.7497
88.7412
61.4774
26.3927
37.377
67.1151
68.2779
88.5692
35.1999
47.6243
33.918
41.9816
40.7221
34.7576
27.0795
56.1328
66.4332
32.2724
38.9617
59.2225
35.5141
26.5337
23.8152
66.7393
68.2165
60.1637
39.7237
49.1814
24.7036
56.6936
36.8138
49.3595
48.3369
31.7543
45.8551
37.1256
33.8795
26.0456
36.8001
33.0077
43.6099
56.7023
51.5649
32.8734
43.8776
49.3368
36.2733
54.3591
51.1235
45.2899
58.8824
60.775
63.4482
54.729
37.7149
36.5864
53.5496
68.303
36.6463
22.9136
58.303
51.494
45.2391
29.6704
49.4158
48.8214
67.3832
60.4649
50.1981
54.4577
40.5921
47.1273
49.7867
45.0248
42.7159
36.668
40.7299
50.6051
19.216
52.311
36.3984
48.1034
38.9754
43.7329
58.2197
60.3426
81.3294
64.5946
49.2858
32.8659
84.0012
54.9907
40.2558
38.5089
65.6712
21.6106
45.3495
60.7704
27.3358
42.5544
29.1654
39.1603
62.3366
27.8425
76.5384
28.9805
66.4941
44.0044
45.0955
52.1743
37.38
47.3044
45.419
45.5642
32.7726
60.1051
55.6456
44.2132
56.4041
38.6997
44.5909
34.3013
73.2839
37.6709
45.1352
42.6214
56.684
33.5469
35.8744
49.2295
33.5949
75.744
65.6056
54.965
30.1327
42.2063
30.4146
5.87335
67.5082
58.5865
75.6409
54.1886
60.281
64.0065
41.2592
47.2042
60.1735
55.2297
54.1152
43.9687
41.0668
37.3325
41.2355
63.9254
65.0547
56.7996
27.0253
66.0499
57.5199
30.3629
78.0053
47.6533
68.4847
61.1433
50.9936
45.6246
45.5128
36.4524
74.7013
59.7983
49.9067
64.8328
44.7749
36.6116
14.7756
43.8657
30.498
30.3601
61.9919
46.1897
59.3793
53.4125
59.9816
43.9023
62.8817
62.5255
54.2702
45.8164
76.9371
63.6392
56.7125
24.9701
57.5506
44.4772
20.8877
55.1669
86.1897
70.5218
75.9536
69.2372
76.0116
44.1994
89.8187
48.812
65.3304
51.4691
33.5748
48.6999
44.8897
36.6276
59.1977
56.0404
83.3995
25.74
37.7825
55.7505
45.4029
55.9119
48.1341
21.6472
47.747
46.1472
65.2914
25.9726
37.4789
54.9513
38.9901
28.5204
44.9391
65.3544
44.5541
58.401
50.7814
54.8723
55.4383
47.0541
77.208
30.7777
51.6387
46.7437
44.4978
80.9046
58.4196
62.211
79.0872
49.3684
28.4405
34.0072
36.501
47.184
47.0197
41.5147
36.9354
54.0296
20.1814
54.3873
70.9351
36.3568
84.6899
51.4287
48.0251
41.4028
45.5843
71.4803
77.3342
76.619
36.6302
38.7846
48.4556
71.9872
8.21329
50.6838
50.4973
48.8368
52.4331
46.9858
52.4892
52.9257
50.9744
55.8237
33.1828
51.9427
39.1395
53.4218
59.5526
48.0863
21.5503
72.2647
53.8883
59.5212
53.5292
45.7838
48.2485
37.5946
59.8315
38.9066
55.5888
44.6979
51.2613
43.526
50.2443
21.9224
40.0031
24.3683
59.6276
45.1543
73.937
43.9124
46.5336
49.4021
54.9716
74.4084
55.0322
34.3158
50.8981
36.2521
66.9044
37.4809
51.1212
53.5851
56.3411
38.271
43.8545
16.3139
22.8989
59.3463
33.7247
67.9253
55.158
37.2768
53.1623
37.3017
62.0269
58.986
60.1355
28.0922
45.5933
32.8307
19.7488
65.1845
64.144
62.401
65.558
55.8367
64.2429
64.4408
54.2471
41.3287
58.4656
49.3495
64.7811
72.2134
59.5344
32.8231
62.4886
47.8368
50.2586
58.6154
