  [1] 0.3330141 0.6123120 0.6506249 0.4871207 0.5764858 0.3630775 0.5243484
  [8] 0.4698956 0.4805452 0.4099469 0.2095642 0.3183166 0.5173714 0.3064753
 [15] 0.2956840 0.3057652 0.4159404 0.9409789 0.6654858 0.3672999 0.4856042
 [22] 0.6752840 0.4363516 0.4054013 0.6543907 0.4568564 0.6124618 0.4593727
 [29] 0.2733606 0.3141703 0.2560401 0.5934317 0.5100816 0.5709076 0.4035605
 [36] 0.4172659 0.4277397 0.5597018 0.3182786 0.3600404 0.7274047 0.3749762
 [43] 0.5816062 0.2414720 0.5493017 0.7494474 0.6493235 0.3951135 0.5474319
 [50] 0.6011108 0.2363470 0.4924859 0.4036081 0.7100247 0.4764404 0.5703905
 [57] 0.2932010 0.6307576 0.6234132 0.5966959 0.2055834 0.5505872 0.5368210
 [64] 0.3532656 0.8480754 0.5249474 0.4400572 0.5260690 0.3917385 0.2657612
 [71] 0.5842210 0.4109564 0.7263578 0.4703226 0.4830394 0.5957730 0.5136377
 [78] 0.5642358 0.3852060 0.3506825 0.5422766 0.6033418 0.5641307 0.8496099
 [85] 0.4661073 0.6928291 0.2995923 0.4696144 0.6749173 0.6249711 0.2239047
 [92] 0.4195491 0.4338843 0.6482809 0.3808812 0.7650612 0.5935183 0.1712129
 [99] 0.2999651 0.5315017
