  [1] 0.55966777 0.92013128 0.60551052 0.58302015 0.81591827 0.88357313
  [7] 0.98037790 0.13468926 0.35212547 0.50911977 0.55516578 0.14438116
 [13] 0.23010592 0.42964326 0.80864689 0.22349298 0.28913284 0.74719514
 [19] 0.95596716 0.17679900 0.16912039 0.96321528 0.96539558 0.25166700
 [25] 0.48571560 0.88042074 0.95194787 0.55033721 0.94807285 0.50782645
 [31] 0.93874300 0.48194119 0.70023159 0.16065897 0.77064745 0.23533963
 [37] 0.61238878 0.30945293 0.81028147 0.77859299 0.82360531 0.54635022
 [43] 0.36029784 0.96426749 0.55636217 0.21128729 0.09240019 0.64301784
 [49] 0.68421502 0.71072542 0.22927705 0.91931382 0.32761463 0.74384333
 [55] 0.05493254 0.14814440 0.37509812 0.55245206 0.95253581 0.56956964
 [61] 0.72815822 0.35735982 0.24052376 0.81718534 0.49569478 0.57594131
 [67] 0.28878232 0.13031275 0.86178887 0.85232405 0.26980841 0.69039908
 [73] 0.70744666 0.07382177 0.40233409 0.95915024 0.23112911 0.33072061
 [79] 0.45582681 0.49254767 0.04341085 0.81370249 0.01374515 0.47337849
 [85] 0.09142377 0.46155832 0.53471335 0.72761234 0.84262442 0.56450091
 [91] 0.62254333 0.21996726 0.73299279 0.15985118 0.14811141 0.91402074
 [97] 0.26144909 0.19600678 0.02099974 0.15158379
